min_y_PR1=-2.39879   X.val=0.5

max_y_PR1=-1.99879   X.val=0.5

min_y_PR2=-2.39879   X.val=0.5

max_y_PR2=-1.99879   X.val=0.5

min_y_silicon=-1.99879   X.val=2

min_y_photoresist=-2.39879   X.val=0.5

max_y_photoresist=-1.99879   X.val=0.5

min_y_oxV=-2.43879   X.val=4

max_y_oxV=-1.99879   X.val=4

min_y_PR2=-2.73879   X.val=1.5

max_y_PR2=-2.33879   X.val=1.5

min_y_OX1=-2.33879   X.val=1.5

max_y_OX1=-1.99879   X.val=1.5

min_y_PR3=-2.73879   X.val=4

max_y_PR3=-2.33879   X.val=4

